1000
448
4512
3428
1489
1821
1562
576
1840
1468
4568
1307
3707
4992
1221
4191
2024
3064
4143
3899
1801
2721
2462
4868
493
1398
1200
3140
560
3486
2956
3698
551
3107
2673
400
1783
2471
1600
3301
3127
3968
3863
179
4532
2555
1321
4285
808
4314
640
4475
742
2214
4166
191
897
3859
4988
273
28
2220
1798
1375
1799
598
3968
2683
3563
1926
3844
2280
3442
381
2079
824
2109
288
1058
1145
1197
13
1853
1182
696
215
476
3758
2638
4204
1696
946
4624
123
3002
1309
1051
2224
4821
4503
2200
3662
1919
790
4752
4382
4259
23
2366
4797
1004
3862
2092
1126
824
4972
818
2648
2385
4750
1160
3571
1220
4584
4274
3362
1070
2547
4464
1604
849
2110
1180
201
4774
1909
3140
4799
969
1013
4288
3096
3591
422
2869
213
872
1347
4189
4182
1547
1203
638
3255
973
193
3693
283
3278
3823
3153
1511
2510
2238
1868
2012
3015
3306
3994
1036
3178
3667
2294
3643
1504
2952
934
3940
2928
1588
594
4916
546
4719
1019
2035
2262
3472
2401
3430
489
2955
2937
1330
2415
461
1441
4573
334
806
3995
3595
170
1493
4117
2608
597
1733
1822
4020
1963
932
4790
4269
3788
4844
2210
4076
1938
3343
3948
417
2902
1528
4395
2582
175
1843
1986
2804
538
2561
4792
1796
2083
2664
3824
2561
214
3846
2870
505
214
4263
1004
3647
2388
580
4128
1578
3171
1496
834
1644
3270
3104
1159
3416
1117
2583
3402
2413
456
2854
2806
2819
4265
3240
1545
3423
2271
765
4753
414
3977
96
2000
1344
4496
2275
331
2848
1558
2659
4454
2210
4652
4756
4574
2851
4771
2227
1958
2927
2141
663
1809
3870
220
2695
11
2999
3971
3288
1002
772
4080
3172
816
4354
2180
4498
3992
3748
3852
4428
2338
4728
4616
3147
3641
4377
1790
3781
154
168
4431
4828
4280
4695
3625
3232
2245
2821
4215
746
4032
4427
4398
2784
4861
1252
4107
882
2198
2410
526
4987
2841
4563
2273
4230
2050
1314
3462
4088
4088
4133
1936
1845
1015
4799
3122
4633
358
2509
2428
4668
2736
3836
1249
4537
3013
1869
1630
2203
3184
3175
2319
671
565
806
2154
1853
3864
2431
1781
983
1827
3612
1146
1935
58
2288
2072
4930
3500
77
493
3731
869
4539
2467
667
427
259
3892
2624
4399
1455
3236
1780
682
1411
722
3091
1126
3683
4730
1069
1287
1498
4783
4617
4566
2894
4562
3426
2257
3386
4201
2354
553
1862
641
3509
2877
2906
3239
3841
1444
4421
1503
1876
4955
2395
114
2586
3970
3370
4764
2737
4520
3483
2209
1637
3226
2592
3836
1955
2629
2953
1597
2877
4308
1274
4492
510
4204
1648
69
3599
2641
3445
4772
4908
493
1721
3268
828
1171
1500
774
2574
1678
4400
1087
1846
4399
83
147
4477
2047
582
2455
1003
1813
4148
2193
3060
1638
1418
2817
83
4079
4588
183
870
4613
3796
3750
2104
1389
4979
3389
2091
2010
3572
1889
2368
3646
3846
205
1236
2657
1983
3514
2228
4839
521
2333
2372
1655
1332
4420
4140
2738
2371
2780
2675
2707
4436
1133
2267
2852
1008
3188
4053
2284
4209
1418
4226
2696
1859
2872
4939
2693
1869
4903
792
1410
3944
1853
2056
3183
2685
2579
1203
2216
3856
1863
646
2035
3244
3633
2111
1061
1326
4608
2603
1120
2650
2909
3512
4727
4603
1059
389
2486
3719
1884
1279
3739
2086
4815
3817
1849
2029
1798
939
3468
4961
4722
2137
3138
3985
10
2721
3253
674
801
3413
4424
4291
4110
2474
2475
2367
2128
3123
1648
1514
4850
3101
4196
4143
1809
2845
3004
4250
4724
1767
708
4656
1767
3012
115
4880
2252
2760
3373
1451
3948
596
1574
1955
4209
3452
2746
23
1246
334
4153
4197
1540
3186
3635
1211
4249
3651
2360
1307
4427
3568
2790
4373
2045
4555
2050
433
2980
2400
1415
4124
1503
3365
4051
148
975
2174
630
2728
3002
4148
3910
107
2104
4892
4168
723
840
1284
1496
809
1890
3193
483
4812
1945
4999
4276
931
1982
2412
1930
1654
4917
4319
3645
2242
3703
4594
1652
3114
3595
3011
3249
4635
2579
811
3539
4191
249
456
4774
2863
4706
3151
2283
3393
1012
1082
627
2044
1763
284
1960
4698
3800
1771
655
3304
2375
3699
784
3578
2172
3736
3998
3853
1339
674
1891
1087
1051
4842
1476
2300
4574
4168
3085
4432
152
3308
309
1772
2755
4062
1358
2764
265
1503
2285
2946
2869
3047
456
4709
1264
2994
3375
4135
2208
4233
4872
316
4687
772
1835
3069
1640
1550
1713
4766
2230
4433
3622
791
3630
2108
2415
4114
1309
4029
770
502
4716
2871
4301
948
4186
1423
2602
2557
3787
142
3445
372
703
2506
2468
4618
3658
996
4069
3042
4715
4202
782
4484
1730
1808
1394
2956
1020
2036
3605
3961
2187
3775
492
3635
3672
4593
2571
3628
4075
3018
86
4124
3849
984
3879
2753
1631
1248
3136
559
2688
4600
4746
214
2236
4284
658
911
2738
2294
2928
2784
902
811
4280
1402
4115
1214
3743
3479
1935
3097
4203
2533
3730
3896
4720
1372
4088
3401
4001
4972
2038
4549
20
4496
3800
4485
4275
2660
533
4326
1021
874
4333
22
991
793
3290
2887
1312
1114
3025
244
280
3337
4803
3886
2346
3324
4957
3882
126
3568
1444
51
1742
2747
672
2319
2627
38
4830
949
557
1525
1150
2767
2328
4683
3276
1199
1203
474
202
4353
1214
436
3682
4625
759
129
1690
3046
2087
4002
591
2087
2916
1152
1502
3522
2632
2242
4883
2174
3563
1062
4181
4806
3156
78
3108
2141
158
3844
4420
612
4169
881
424
4580
190
3240
3902
563
1921
3962
81
1147
2860
1783
4592
206
3544
2900
3691
1656
3568
1313
2042
1041
3557
